   9.2153610e+01
   9.2780692e+01
   9.2470275e+01
   9.1875111e+01
   9.1427888e+01
   9.1901453e+01
   9.2152542e+01
   9.2403564e+01
   9.2277318e+01
   9.2185917e+01
   9.2535781e+01
   9.2551737e+01
   9.1306664e+01
   9.0770793e+01
   9.2955346e+01
   9.2216244e+01
   9.4685125e+01
   9.4256562e+01
   9.4896903e+01
   9.3748692e+01
   9.3559246e+01
   9.2965359e+01
   9.4989339e+01
   9.4113695e+01
   9.4620850e+01
   9.4629978e+01
   9.3753939e+01
   9.4406769e+01
   9.3124729e+01
   9.5173237e+01
   9.4410430e+01
   9.4650138e+01
   9.4220856e+01
   9.4986112e+01
   9.4878855e+01
   9.4253937e+01
   9.3836201e+01
   9.4509864e+01
   9.4551071e+01
   9.5004392e+01
   9.4438448e+01
   9.4937498e+01
   9.5796719e+01
   9.5333061e+01
   9.4938984e+01
   9.4293858e+01
   9.5280607e+01
   9.4924815e+01
   9.4217810e+01
   9.3868839e+01
   9.4071087e+01
   9.3913309e+01
   9.4069586e+01
   9.3832153e+01
   9.4368389e+01
   9.5126088e+01
   9.4758842e+01
   9.4210856e+01
   9.4349264e+01
   9.4165041e+01
   9.4173358e+01
   9.4471037e+01
   9.4241429e+01
   9.3708181e+01
   9.4380087e+01
   9.3541045e+01
   9.3862670e+01
   9.4162394e+01
   9.4584750e+01
   9.4731296e+01
   9.3516165e+01
   9.4035342e+01
   9.4259303e+01
   9.4221173e+01
   9.4692824e+01
   9.4161650e+01
   9.4558248e+01
   9.3525177e+01
   9.3456980e+01
   9.4400534e+01
   9.3896707e+01
   9.3824494e+01
   9.3795454e+01
   9.3985148e+01
   9.3664959e+01
   9.3355499e+01
   9.2816473e+01
   9.4559211e+01
   9.3656036e+01
   9.3642718e+01
   9.3974229e+01
   9.3541479e+01
   9.3498636e+01
   9.4027776e+01
   9.3991208e+01
   9.3761871e+01
   9.3277583e+01
   9.4018426e+01
   9.3762421e+01
   9.3938916e+01
   9.3654655e+01
   9.4028981e+01
   9.4040328e+01
   9.4512813e+01
   9.4059212e+01
   9.4038295e+01
   9.3873396e+01
   9.3679781e+01
   9.4585165e+01
   9.3958849e+01
   9.3287076e+01
   9.3289004e+01
   9.3365865e+01
   9.3942897e+01
   9.4405461e+01
   9.3375224e+01
   9.4153967e+01
   9.3664988e+01
   9.3986103e+01
   9.3632679e+01
   9.3870393e+01
   9.3848301e+01
   9.3014076e+01
   9.3575839e+01
   9.4006876e+01
   9.3879159e+01
   9.4130365e+01
   9.2922736e+01
   9.3871468e+01
   9.3788367e+01
   9.3808506e+01
   9.3963628e+01
   9.4124928e+01
   9.3966031e+01
   9.3561754e+01
   9.3933544e+01
   9.4323785e+01
   9.3604114e+01
   9.4176878e+01
   9.3718717e+01
   9.3862204e+01
   9.4201117e+01
   9.3634793e+01
   9.3744577e+01
   9.3832387e+01
   9.3856937e+01
   9.3440598e+01
   9.3274958e+01
   9.4518802e+01
   9.4448239e+01
   9.3330407e+01
   9.3761470e+01
   9.3831159e+01
   9.3790107e+01
   9.3547105e+01
   9.3191592e+01
   9.3753203e+01
   9.4849226e+01
   9.4287482e+01
   9.3804831e+01
   9.4617402e+01
   9.3518363e+01
   9.3510878e+01
   9.3650319e+01
   9.3482437e+01
   9.5131472e+01
   9.3902733e+01
   9.3830642e+01
   9.3789675e+01
   9.3658512e+01
   9.4276608e+01
   9.4172996e+01
   9.5558217e+01
   9.4194315e+01
   9.4418051e+01
   9.3925100e+01
   9.4805535e+01
   9.3731328e+01
   9.4285175e+01
   9.3762887e+01
   9.4548053e+01
   9.4524203e+01
   9.4474804e+01
   9.4374789e+01
   9.3741125e+01
   9.3060151e+01
   9.3876567e+01
   9.4414447e+01
   9.4341783e+01
   9.4780217e+01
   9.4262665e+01
   9.4666644e+01
   9.4616760e+01
   9.3099947e+01
   9.3835857e+01
   9.4179495e+01
   9.4411735e+01
   9.4284117e+01
   9.3887200e+01
   9.3611720e+01
   9.4536922e+01
   9.4232074e+01
   9.4464994e+01
   9.4305632e+01
   9.4229796e+01
   9.3912062e+01
   9.5332420e+01
   9.4255545e+01
   9.3835140e+01
   9.3894323e+01
   9.3645206e+01
   9.3860805e+01
   9.3453609e+01
   9.3126760e+01
   9.4676380e+01
   9.3413561e+01
   9.3172105e+01
   9.4086063e+01
   9.3806229e+01
   9.4150380e+01
   9.3922139e+01
   9.3909814e+01
   9.4562709e+01
   9.3528895e+01
   9.3718210e+01
   9.4271878e+01
   9.3303094e+01
   9.4015399e+01
   9.3734787e+01
   9.4703821e+01
   9.4345504e+01
   9.3959887e+01
   9.3395341e+01
   9.3825928e+01
   9.3897295e+01
   9.4204805e+01
   9.3511954e+01
   9.4936445e+01
   9.4583344e+01
   9.3433230e+01
   9.3275150e+01
   9.3659040e+01
   9.3852993e+01
   9.3635413e+01
   9.3987024e+01
   9.3550481e+01
   9.4420146e+01
   9.4238036e+01
   9.3087440e+01
   9.3625896e+01
   9.4014335e+01
   9.3730771e+01
   9.3528153e+01
   9.4649352e+01
   9.3768387e+01
   9.4113026e+01
   9.3802805e+01
   9.4165906e+01
   9.2847971e+01
   9.3591449e+01
   9.3392060e+01
   9.2940462e+01
   9.3200189e+01
   9.5290057e+01
   9.3677805e+01
   9.4011403e+01
   9.2757602e+01
   9.3379762e+01
   9.2973337e+01
   9.3238437e+01
   9.3855327e+01
   9.4188904e+01
   9.3002531e+01
   9.3473141e+01
   9.2575347e+01
   9.3639537e+01
   9.3067442e+01
   9.3710629e+01
   9.3763843e+01
   9.3946865e+01
   9.3427427e+01
   9.3248778e+01
   9.3415883e+01
   9.2905306e+01
   9.3948516e+01
   9.3354109e+01
   9.3270896e+01
   9.3867675e+01
   9.3157085e+01
   9.3128740e+01
   9.2909338e+01
   9.2936456e+01
   9.3678315e+01
   9.3388028e+01
   9.3798447e+01
   9.3299783e+01
   9.3532358e+01
   9.3123218e+01
   9.2427416e+01
   9.3458619e+01
   9.3011402e+01
   9.1848857e+01
   8.9969422e+01
   9.2043619e+01
   9.1595648e+01
   9.1137236e+01
   9.1186974e+01
   9.1456844e+01
   9.1338352e+01
   9.1686293e+01
   9.2424006e+01
   9.2025457e+01
   9.3251712e+01
   9.3127654e+01
   9.2862407e+01
