   1.0000000e+00   8.7290076e+00   0.0000000e+00   8.7289203e+00   0.0000000e+00
   2.0000000e+00   9.3937008e+00   2.5774808e+01   9.7260844e+00   3.3238690e-01
   3.0000000e+00   9.8506098e+00   3.3609093e+01   1.0257711e+01   4.0710159e-01
   4.0000000e+00   1.0548132e+01   2.7288429e+01   1.1133952e+01   5.8582112e-01
   5.0000000e+00   1.1274900e+01   2.3044881e+01   1.1947777e+01   6.7287674e-01
   6.0000000e+00   1.1797145e+01   2.9058632e+01   1.2376935e+01   5.7979020e-01
   7.0000000e+00   1.2631368e+01   2.5055903e+01   1.3368402e+01   7.3703504e-01
   8.0000000e+00   1.3204582e+01   2.6397637e+01   1.3840372e+01   6.3578943e-01
   9.0000000e+00   1.4116624e+01   2.7538760e+01   1.4923144e+01   8.0652140e-01
   1.0000000e+01   1.4914582e+01   2.6676792e+01   1.5715812e+01   8.0122981e-01
   1.1000000e+01   1.5681440e+01   2.7018131e+01   1.6461428e+01   7.7998705e-01
   1.2000000e+01   1.6302676e+01   1.8796936e+01   1.6984550e+01   6.8187361e-01
   1.3000000e+01   1.7397107e+01   3.5605194e+01   1.8333952e+01   9.3684640e-01
   1.4000000e+01   1.7870436e+01   1.4734540e+01   1.8520817e+01   6.5037955e-01
   1.5000000e+01   1.8538321e+01   2.3823567e+01   1.9199519e+01   6.6119756e-01
   1.6000000e+01   1.9393567e+01   2.9966751e+01   2.0174691e+01   7.8112519e-01
   1.7000000e+01   2.0091693e+01   2.4152078e+01   2.0821522e+01   7.2982938e-01
   1.8000000e+01   2.0985777e+01   2.8495471e+01   2.1817120e+01   8.3134379e-01
   1.9000000e+01   2.1573539e+01   2.3186780e+01   2.2254343e+01   6.8080325e-01
   2.0000000e+01   2.2795925e+01   3.6682302e+01   2.3811439e+01   1.0155167e+00
   2.1000000e+01   2.3600854e+01   2.7366981e+01   2.4486224e+01   8.8536903e-01
   2.2000000e+01   2.4684997e+01   3.3033117e+01   2.5693213e+01   1.0082165e+00
   2.3000000e+01   2.5858160e+01   3.5438224e+01   2.6968319e+01   1.1101589e+00
   2.4000000e+01   2.6975811e+01   3.6110612e+01   2.8090601e+01   1.1147896e+00
   2.5000000e+01   2.8208406e+01   3.8284502e+01   2.9396003e+01   1.1875969e+00
   2.6000000e+01   2.9520374e+01   3.9565693e+01   3.0784835e+01   1.2644617e+00
   2.7000000e+01   3.1006015e+01   4.4638665e+01   3.2407173e+01   1.4011579e+00
   2.8000000e+01   3.2309018e+01   3.9830203e+01   3.3649514e+01   1.3404954e+00
   2.9000000e+01   3.3899398e+01   4.7828744e+01   3.5394329e+01   1.4949314e+00
   3.0000000e+01   3.5360300e+01   4.3834574e+01   3.6834202e+01   1.4739011e+00
   3.1000000e+01   3.6927961e+01   4.7313258e+01   3.8459808e+01   1.5318473e+00
   3.2000000e+01   3.8354491e+01   4.3007466e+01   3.9821250e+01   1.4667584e+00
   3.3000000e+01   4.0045613e+01   5.1626042e+01   4.1651033e+01   1.6054213e+00
   3.4000000e+01   4.1573822e+01   4.7173918e+01   4.3131524e+01   1.5577021e+00
   3.5000000e+01   4.3367157e+01   5.4518534e+01   4.5070486e+01   1.7033300e+00
   3.6000000e+01   4.4601061e+01   3.7026300e+01   4.6014274e+01   1.4132116e+00
   3.7000000e+01   4.6204997e+01   4.8752807e+01   4.7736080e+01   1.5310840e+00
   3.8000000e+01   4.7857968e+01   5.1475937e+01   4.9464381e+01   1.6064139e+00
   3.9000000e+01   4.9198149e+01   4.0233087e+01   5.0640024e+01   1.4418744e+00
   4.0000000e+01   5.0810211e+01   4.9310457e+01   5.2357265e+01   1.5470547e+00
   4.1000000e+01   5.2279313e+01   4.6387111e+01   5.3778192e+01   1.4988785e+00
   4.2000000e+01   5.3852276e+01   4.8366784e+01   5.5396940e+01   1.5446645e+00
   4.3000000e+01   5.5592689e+01   5.2221238e+01   5.7258331e+01   1.6656428e+00
   4.4000000e+01   5.7215664e+01   4.9585850e+01   5.8854937e+01   1.6392734e+00
   4.5000000e+01   5.8669255e+01   4.3712770e+01   6.0193772e+01   1.5245163e+00
   4.6000000e+01   6.0010565e+01   4.0633874e+01   6.1421855e+01   1.4112892e+00
   4.7000000e+01   6.1635992e+01   4.9492379e+01   6.3179623e+01   1.5436319e+00
   4.8000000e+01   6.3455830e+01   5.7020509e+01   6.5170166e+01   1.7143363e+00
   4.9000000e+01   6.4799369e+01   4.0578286e+01   6.6284544e+01   1.4851733e+00
   5.0000000e+01   6.6242451e+01   4.3294990e+01   6.7701610e+01   1.4591586e+00
   5.1000000e+01   6.7750361e+01   4.5238713e+01   6.9239649e+01   1.4892880e+00
   5.2000000e+01   6.9398449e+01   4.9700362e+01   7.0985879e+01   1.5874312e+00
   5.3000000e+01   7.0790188e+01   4.1767844e+01   7.2256676e+01   1.4664879e+00
   5.4000000e+01   7.2432417e+01   4.9279876e+01   7.4007518e+01   1.5751011e+00
   5.5000000e+01   7.4049605e+01   4.8739494e+01   7.5650718e+01   1.6011125e+00
   5.6000000e+01   7.5499855e+01   4.3825615e+01   7.7007730e+01   1.5078748e+00
   5.7000000e+01   7.7241963e+01   5.3145269e+01   7.8894600e+01   1.6526377e+00
   5.8000000e+01   7.8879370e+01   5.1703454e+01   8.0522595e+01   1.6432248e+00
   5.9000000e+01   8.0296627e+01   4.3300633e+01   8.1800199e+01   1.5035704e+00
   6.0000000e+01   8.1628596e+01   3.9964723e+01   8.3026112e+01   1.3975152e+00
   6.1000000e+01   8.3071163e+01   4.3566512e+01   8.4496521e+01   1.4253580e+00
   6.2000000e+01   8.4919463e+01   5.7759316e+01   8.6606210e+01   1.6867487e+00
   6.3000000e+01   8.6788389e+01   5.6619179e+01   8.8587729e+01   1.7993406e+00
   6.4000000e+01   8.8076059e+01   3.8630503e+01   8.9559174e+01   1.4831134e+00
   6.5000000e+01   8.9704350e+01   4.9059987e+01   9.1277186e+01   1.5728366e+00
   6.6000000e+01   9.1166764e+01   4.4275233e+01   9.2671356e+01   1.5045921e+00
   6.7000000e+01   9.2716216e+01   4.8328532e+01   9.4248533e+01   1.5323169e+00
   6.8000000e+01   9.4214806e+01   4.4958004e+01   9.5726279e+01   1.5114728e+00
   6.9000000e+01   9.5718613e+01   4.5114308e+01   9.7225349e+01   1.5067352e+00
   7.0000000e+01   9.7415479e+01   5.0906702e+01   9.9039719e+01   1.6242411e+00
   7.1000000e+01   9.8951547e+01   4.6160117e+01   1.0052130e+02   1.5697482e+00
   7.2000000e+01   1.0051583e+02   4.7344455e+01   1.0208219e+02   1.5663676e+00
   7.3000000e+01   1.0201806e+02   4.5069295e+01   1.0354479e+02   1.5267314e+00
   7.4000000e+01   1.0348491e+02   4.4089953e+01   1.0497463e+02   1.4897221e+00
   7.5000000e+01   1.0498106e+02   4.4891283e+01   1.0647476e+02   1.4936957e+00
   7.6000000e+01   1.0664800e+02   5.0010267e+01   1.0824876e+02   1.6007640e+00
   7.7000000e+01   1.0810616e+02   4.6382968e+01   1.0961879e+02   1.5126302e+00
   7.8000000e+01   1.0964189e+02   4.6439415e+01   1.1116880e+02   1.5269083e+00
   7.9000000e+01   1.1138708e+02   5.2841639e+01   1.1304889e+02   1.6618116e+00
   8.0000000e+01   1.1282047e+02   4.3206551e+01   1.1434111e+02   1.5206405e+00
   8.1000000e+01   1.1426539e+02   4.3425634e+01   1.1573924e+02   1.4738462e+00
   8.2000000e+01   1.1586261e+02   4.8020719e+01   1.1741271e+02   1.5500946e+00
   8.3000000e+01   1.1735802e+02   4.4954005e+01   1.1887432e+02   1.5162968e+00
   8.4000000e+01   1.1891472e+02   4.6975324e+01   1.2045599e+02   1.5412662e+00
   8.5000000e+01   1.2064555e+02   5.2612666e+01   1.2230397e+02   1.6584210e+00
   8.6000000e+01   1.2203560e+02   4.1736756e+01   1.2352816e+02   1.4925622e+00
   8.7000000e+01   1.2350940e+02   4.4353872e+01   1.2499036e+02   1.4809626e+00
   8.8000000e+01   1.2515693e+02   4.9901999e+01   1.2674084e+02   1.5839104e+00
   8.9000000e+01   1.2655274e+02   4.4453658e+01   1.2802040e+02   1.4676572e+00
   9.0000000e+01   1.2819072e+02   5.0024344e+01   1.2976365e+02   1.5729248e+00
   9.1000000e+01   1.2960849e+02   4.2547278e+01   1.3108553e+02   1.4770341e+00
   9.2000000e+01   1.3109695e+02   4.4885241e+01   1.3258105e+02   1.4840955e+00
   9.3000000e+01   1.3284950e+02   5.2840026e+01   1.3449951e+02   1.6500080e+00
   9.4000000e+01   1.3456080e+02   5.1821373e+01   1.3624869e+02   1.6878864e+00
   9.5000000e+01   1.3603509e+02   4.4394714e+01   1.3759097e+02   1.5558800e+00
   9.6000000e+01   1.3754795e+02   4.5936653e+01   1.3907724e+02   1.5292896e+00
   9.7000000e+01   1.3913157e+02   4.7645165e+01   1.4069444e+02   1.5628686e+00
   9.8000000e+01   1.4089169e+02   5.2863806e+01   1.4257647e+02   1.6847774e+00
   9.9000000e+01   1.4223450e+02   4.1461438e+01   1.4370794e+02   1.4734315e+00
   1.0000000e+02   1.4399208e+02   5.3360209e+01   1.4564113e+02   1.6490438e+00
   1.0100000e+02   1.4535233e+02   4.0969131e+01   1.4682289e+02   1.4705587e+00
   1.0200000e+02   1.4709379e+02   5.3908627e+01   1.4873177e+02   1.6379805e+00
   1.0300000e+02   1.4852136e+02   4.3780068e+01   1.5002930e+02   1.5079422e+00
   1.0400000e+02   1.5022714e+02   5.1491348e+01   1.5185735e+02   1.6302120e+00
   1.0500000e+02   1.5152834e+02   3.9963452e+01   1.5295522e+02   1.4268742e+00
   1.0600000e+02   1.5299913e+02   4.4128002e+01   1.5445314e+02   1.4540129e+00
   1.0700000e+02   1.5482037e+02   5.5031455e+01   1.5650133e+02   1.6809696e+00
   1.0800000e+02   1.5634080e+02   4.5644855e+01   1.5792256e+02   1.5817575e+00
   1.0900000e+02   1.5787111e+02   4.6022266e+01   1.5942107e+02   1.5499573e+00
   1.1000000e+02   1.5948157e+02   4.8380495e+01   1.6106892e+02   1.5873494e+00
   1.1100000e+02   1.6110766e+02   4.8796471e+01   1.6271896e+02   1.6112942e+00
   1.1200000e+02   1.6241258e+02   4.2602895e+01   1.6383453e+02   1.4219474e+00
   1.1300000e+02   1.6410660e+02   5.4310260e+01   1.6569669e+02   1.5900938e+00
   1.1400000e+02   1.6546143e+02   4.0658039e+01   1.6690612e+02   1.4446930e+00
   1.1500000e+02   1.6710814e+02   5.0055504e+01   1.6867768e+02   1.5695458e+00
   1.1600000e+02   1.6856069e+02   4.3704560e+01   1.7005794e+02   1.4972419e+00
   1.1700000e+02   1.7016862e+02   4.8531020e+01   1.7173427e+02   1.5656490e+00
   1.1800000e+02   1.7180502e+02   4.9618336e+01   1.7341439e+02   1.6093747e+00
   1.1900000e+02   1.7357698e+02   5.3252853e+01   1.7528684e+02   1.7098569e+00
   1.2000000e+02   1.7506727e+02   4.4866114e+01   1.7664143e+02   1.5741594e+00
   1.2100000e+02   1.7649748e+02   4.5060011e+01   1.7798267e+02   1.4851913e+00
   1.2200000e+02   1.7785338e+02   4.0697894e+01   1.7925867e+02   1.4052898e+00
   1.2300000e+02   1.7951281e+02   5.0221579e+01   1.8107515e+02   1.5623502e+00
   1.2400000e+02   1.8106020e+02   4.7447147e+01   1.8261331e+02   1.5531092e+00
   1.2500000e+02   1.8272830e+02   5.0704758e+01   1.8435247e+02   1.6241744e+00
   1.2600000e+02   1.8434111e+02   4.8443855e+01   1.8595827e+02   1.6171549e+00
   1.2700000e+02   1.8613566e+02   5.3854352e+01   1.8786244e+02   1.7267860e+00
   1.2800000e+02   1.8746802e+02   4.0157466e+01   1.8895104e+02   1.4830187e+00
   1.2900000e+02   1.8915340e+02   5.0961484e+01   1.9076149e+02   1.6080868e+00
   1.3000000e+02   1.9070216e+02   4.6892084e+01   1.9227359e+02   1.5714225e+00
   1.3100000e+02   1.9212778e+02   4.3262219e+01   1.9360910e+02   1.4813123e+00
   1.3200000e+02   1.9376561e+02   4.9135263e+01   1.9534365e+02   1.5780427e+00
   1.3300000e+02   1.9537331e+02   4.9145047e+01   1.9696968e+02   1.5963691e+00
   1.3400000e+02   1.9700432e+02   4.8930494e+01   1.9862209e+02   1.6177783e+00
   1.3500000e+02   1.9838929e+02   4.1738067e+01   1.9986319e+02   1.4739000e+00
   1.3600000e+02   1.9994327e+02   4.6695123e+01   2.0146666e+02   1.5233898e+00
   1.3700000e+02   2.0166274e+02   5.1856962e+01   2.0330731e+02   1.6445733e+00
   1.3800000e+02   2.0329054e+02   4.8855943e+01   2.0492475e+02   1.6342085e+00
   1.3900000e+02   2.0491592e+02   4.8800515e+01   2.0654467e+02   1.6287492e+00
   1.4000000e+02   2.0653524e+02   4.9604591e+01   2.0815816e+02   1.6229230e+00
   1.4100000e+02   2.0791648e+02   4.2142141e+01   2.0939003e+02   1.4735530e+00
   1.4200000e+02   2.0968585e+02   5.3152403e+01   2.1134224e+02   1.6563819e+00
   1.4300000e+02   2.1117187e+02   4.4806176e+01   2.1272296e+02   1.5510912e+00
   1.4400000e+02   2.1266408e+02   4.9782897e+01   2.1417879e+02   1.5147033e+00
   1.4500000e+02   2.1415826e+02   4.6867810e+01   2.1566027e+02   1.5020154e+00
   1.4600000e+02   2.1590503e+02   5.2505290e+01   2.1755832e+02   1.6532843e+00
   1.4700000e+02   2.1743372e+02   4.5862121e+01   2.1901001e+02   1.5762821e+00
   1.4800000e+02   2.1910914e+02   5.0303906e+01   2.2074669e+02   1.6375487e+00
   1.4900000e+02   2.2071927e+02   4.8782251e+01   2.2233987e+02   1.6206026e+00
   1.5000000e+02   2.2211690e+02   4.2402677e+01   2.2359970e+02   1.4827989e+00
   1.5100000e+02   2.2369168e+02   4.7474685e+01   2.2523133e+02   1.5396473e+00
   1.5200000e+02   2.2520316e+02   4.5548695e+01   2.2672540e+02   1.5222395e+00
   1.5300000e+02   2.2675435e+02   4.6700220e+01   2.2829448e+02   1.5401309e+00
   1.5400000e+02   2.2844324e+02   5.1143803e+01   2.3007532e+02   1.6320713e+00
   1.5500000e+02   2.2983598e+02   4.2141451e+01   2.3132013e+02   1.4841522e+00
   1.5600000e+02   2.3167743e+02   5.5403236e+01   2.3338240e+02   1.7049740e+00
   1.5700000e+02   2.3307911e+02   4.2578608e+01   2.3459664e+02   1.5175284e+00
   1.5800000e+02   2.3471704e+02   4.9232471e+01   2.3630898e+02   1.5919397e+00
   1.5900000e+02   2.3632448e+02   4.8244395e+01   2.3792600e+02   1.6015212e+00
   1.6000000e+02   2.3781302e+02   4.6260479e+01   2.3934471e+02   1.5316947e+00
   1.6100000e+02   2.3944043e+02   5.0507305e+01   2.4103128e+02   1.5908516e+00
   1.6200000e+02   2.4080466e+02   4.1035124e+01   2.4225545e+02   1.4507926e+00
   1.6300000e+02   2.4232800e+02   4.5914469e+01   2.4382362e+02   1.4956267e+00
   1.6400000e+02   2.4399742e+02   5.0127516e+01   2.4560046e+02   1.6030371e+00
   1.6500000e+02   2.4567564e+02   5.0700775e+01   2.4732515e+02   1.6495061e+00
   1.6600000e+02   2.4717530e+02   4.5076625e+01   2.4873219e+02   1.5568935e+00
   1.6700000e+02   2.4865813e+02   4.4649982e+01   2.5016925e+02   1.5111186e+00
   1.6800000e+02   2.5026558e+02   4.8242852e+01   2.5183624e+02   1.5706562e+00
   1.6900000e+02   2.5192670e+02   5.0048897e+01   2.5355327e+02   1.6265674e+00
   1.7000000e+02   2.5355958e+02   4.9230134e+01   2.5519005e+02   1.6304686e+00
   1.7100000e+02   2.5499575e+02   4.3101035e+01   2.5650614e+02   1.5103867e+00
   1.7200000e+02   2.5646568e+02   4.4639879e+01   2.5795107e+02   1.4853831e+00
   1.7300000e+02   2.5806887e+02   4.9158307e+01   2.5962706e+02   1.5581879e+00
   1.7400000e+02   2.5956008e+02   4.5750500e+01   2.6107687e+02   1.5167944e+00
   1.7500000e+02   2.6116321e+02   4.8438933e+01   2.6273336e+02   1.5701515e+00
   1.7600000e+02   2.6269700e+02   4.6026145e+01   2.6424467e+02   1.5476776e+00
   1.7700000e+02   2.6430274e+02   4.8177414e+01   2.6588631e+02   1.5835659e+00
   1.7800000e+02   2.6574358e+02   4.3273870e+01   2.6723894e+02   1.4953575e+00
   1.7900000e+02   2.6736076e+02   4.8690015e+01   2.6893141e+02   1.5706463e+00
   1.8000000e+02   2.6898125e+02   4.8625224e+01   2.7058270e+02   1.6014496e+00
   1.8100000e+02   2.7051493e+02   4.6053118e+01   2.7207450e+02   1.5595682e+00
   1.8200000e+02   2.7202989e+02   4.5916876e+01   2.7356189e+02   1.5319968e+00
   1.8300000e+02   2.7372760e+02   5.2660366e+01   2.7536202e+02   1.6344163e+00
   1.8400000e+02   2.7510378e+02   4.2219953e+01   2.7657860e+02   1.4748187e+00
   1.8500000e+02   2.7655929e+02   4.3680970e+01   2.7802217e+02   1.4628817e+00
   1.8600000e+02   2.7819143e+02   4.9018726e+01   2.7975892e+02   1.5674889e+00
   1.8700000e+02   2.7967849e+02   4.4630089e+01   2.8119627e+02   1.5177828e+00
   1.8800000e+02   2.8124490e+02   4.7005094e+01   2.8279273e+02   1.5478334e+00
   1.8900000e+02   2.8277283e+02   4.5871997e+01   2.8430836e+02   1.5355333e+00
   1.9000000e+02   2.8432792e+02   4.6797576e+01   2.8587555e+02   1.5476228e+00
   1.9100000e+02   2.8602737e+02   5.1522116e+01   2.8766882e+02   1.6414521e+00
   1.9200000e+02   2.8748807e+02   4.3881191e+01   2.8901781e+02   1.5297414e+00
   1.9300000e+02   2.8901767e+02   4.5979170e+01   2.9054732e+02   1.5296546e+00
   1.9400000e+02   2.9051277e+02   4.4853836e+01   2.9202107e+02   1.5083009e+00
   1.9500000e+02   2.9204118e+02   4.5921001e+01   2.9356192e+02   1.5207317e+00
   1.9600000e+02   2.9377644e+02   5.2323553e+01   2.9542975e+02   1.6533121e+00
   1.9700000e+02   2.9535496e+02   4.7383096e+01   2.9696205e+02   1.6070888e+00
   1.9800000e+02   2.9702943e+02   5.0234980e+01   2.9867816e+02   1.6487328e+00
   1.9900000e+02   2.9856892e+02   4.6217785e+01   3.0015014e+02   1.5812196e+00
   2.0000000e+02   3.0005657e+02   4.4835752e+01   3.0157995e+02   1.5233873e+00
   2.0100000e+02   3.0168752e+02   4.9170820e+01   3.0327738e+02   1.5898649e+00
   2.0200000e+02   3.0326011e+02   4.7233115e+01   3.0483931e+02   1.5791926e+00
   2.0300000e+02   3.0490839e+02   4.9641767e+01   3.0653028e+02   1.6218898e+00
   2.0400000e+02   3.0636824e+02   4.3838985e+01   3.0788999e+02   1.5217438e+00
   2.0500000e+02   3.0791619e+02   4.6443938e+01   3.0945413e+02   1.5379388e+00
   2.0600000e+02   3.0957412e+02   4.9768192e+01   3.1118621e+02   1.6120947e+00
   2.0700000e+02   3.1105117e+02   4.4594225e+01   3.1257981e+02   1.5286370e+00
   2.0800000e+02   3.1272420e+02   5.0486037e+01   3.1434207e+02   1.6178728e+00
   2.0900000e+02   3.1428506e+02   4.6825935e+01   3.1586770e+02   1.5826401e+00
   2.1000000e+02   3.1589153e+02   4.8337280e+01   3.1748889e+02   1.5973657e+00
   2.1100000e+02   3.1749486e+02   4.8170391e+01   3.1909591e+02   1.6010511e+00
   2.1200000e+02   3.1901085e+02   4.5483525e+01   3.2055933e+02   1.5484832e+00
   2.1300000e+02   3.2062800e+02   4.8549391e+01   3.2221892e+02   1.5909205e+00
   2.1400000e+02   3.2214052e+02   4.5399337e+01   3.2368299e+02   1.5424680e+00
   2.1500000e+02   3.2368830e+02   4.6809288e+01   3.2523406e+02   1.5457522e+00
   2.1600000e+02   3.2542337e+02   5.2612043e+01   3.2708613e+02   1.6627563e+00
   2.1700000e+02   3.2693689e+02   4.6206946e+01   3.2850741e+02   1.5705219e+00
   2.1800000e+02   3.2856473e+02   4.9420588e+01   3.3017067e+02   1.6059453e+00
   2.1900000e+02   3.3005013e+02   4.4562563e+01   3.3158158e+02   1.5314449e+00
   2.2000000e+02   3.3173648e+02   5.0645734e+01   3.3336365e+02   1.6271787e+00
   2.2100000e+02   3.3318763e+02   4.3574367e+01   3.3470602e+02   1.5183880e+00
   2.2200000e+02   3.3477951e+02   4.7930808e+01   3.3634332e+02   1.5638096e+00
   2.2300000e+02   3.3635941e+02   4.7398873e+01   3.3793317e+02   1.5737552e+00
   2.2400000e+02   3.3787608e+02   4.5539724e+01   3.3941456e+02   1.5384762e+00
   2.2500000e+02   3.3942408e+02   4.7250197e+01   3.4096843e+02   1.5443577e+00
   2.2600000e+02   3.4107147e+02   4.9815410e+01   3.4267951e+02   1.6080371e+00
   2.2700000e+02   3.4264868e+02   4.7328199e+01   3.4423766e+02   1.5889851e+00
   2.2800000e+02   3.4421309e+02   4.7051449e+01   3.4578688e+02   1.5737948e+00
   2.2900000e+02   3.4574392e+02   4.5927987e+01   3.4729117e+02   1.5472457e+00
   2.3000000e+02   3.4725955e+02   4.5487390e+01   3.4878725e+02   1.5277031e+00
   2.3100000e+02   3.4879114e+02   4.5951636e+01   3.5032124e+02   1.5301034e+00
   2.3200000e+02   3.5037904e+02   4.7684509e+01   3.5194487e+02   1.5658271e+00
   2.3300000e+02   3.5187655e+02   4.4925649e+01   3.5340016e+02   1.5236067e+00
   2.3400000e+02   3.5349221e+02   4.8471148e+01   3.5507271e+02   1.5804986e+00
   2.3500000e+02   3.5503949e+02   4.6421955e+01   3.5659946e+02   1.5599676e+00
   2.3600000e+02   3.5668107e+02   4.9252747e+01   3.5829147e+02   1.6104029e+00
   2.3700000e+02   3.5824173e+02   4.6997539e+01   3.5982139e+02   1.5796603e+00
   2.3800000e+02   3.5974050e+02   4.5009980e+01   3.6127018e+02   1.5296724e+00
   2.3900000e+02   3.6137057e+02   4.9012565e+01   3.6296229e+02   1.5917200e+00
   2.4000000e+02   3.6294179e+02   4.7173254e+01   3.6452083e+02   1.5790468e+00
   2.4100000e+02   3.6449265e+02   4.6554293e+01   3.6605428e+02   1.5616280e+00
   2.4200000e+02   3.6606479e+02   4.7236897e+01   3.6763291e+02   1.5681224e+00
   2.4300000e+02   3.6755046e+02   4.4633451e+01   3.6906763e+02   1.5171664e+00
   2.4400000e+02   3.6911275e+02   4.6874772e+01   3.7065780e+02   1.5450543e+00
   2.4500000e+02   3.7065802e+02   4.6718457e+01   3.7220320e+02   1.5451857e+00
   2.4600000e+02   3.7220897e+02   4.7000987e+01   3.7375772e+02   1.5487494e+00
   2.4700000e+02   3.7379125e+02   4.7897711e+01   3.7536072e+02   1.5694715e+00
   2.4800000e+02   3.7536191e+02   4.7143836e+01   3.7693212e+02   1.5702083e+00
   2.4900000e+02   3.7697474e+02   4.8403267e+01   3.7857129e+02   1.5965506e+00
   2.5000000e+02   3.7853670e+02   4.7039690e+01   3.8011187e+02   1.5751700e+00
   2.5100000e+02   3.8013835e+02   4.8206718e+01   3.8172988e+02   1.5915350e+00
   2.5200000e+02   3.8173634e+02   4.8023813e+01   3.8333187e+02   1.5955282e+00
   2.5300000e+02   3.8321601e+02   4.4501606e+01   3.8473993e+02   1.5239208e+00
   2.5400000e+02   3.8483367e+02   4.8573611e+01   3.8641552e+02   1.5818555e+00
   2.5500000e+02   3.8643890e+02   4.8166785e+01   3.8803520e+02   1.5963015e+00
   2.5600000e+02   3.8800947e+02   4.7365175e+01   3.8958988e+02   1.5804025e+00
   2.5700000e+02   3.8957163e+02   4.7339177e+01   3.9114076e+02   1.5691280e+00
   2.5800000e+02   3.9112809e+02   4.6752652e+01   3.9268938e+02   1.5612943e+00
   2.5900000e+02   3.9269645e+02   4.7060860e+01   3.9426212e+02   1.5656654e+00
   2.6000000e+02   3.9428518e+02   4.7737495e+01   3.9586510e+02   1.5799186e+00
   2.6100000e+02   3.9586365e+02   4.7439770e+01   3.9744267e+02   1.5790218e+00
   2.6200000e+02   3.9742119e+02   4.7039707e+01   3.9898693e+02   1.5657449e+00
   2.6300000e+02   3.9893987e+02   4.5562161e+01   4.0047653e+02   1.5366603e+00
   2.6400000e+02   4.0061231e+02   5.0219989e+01   4.0223288e+02   1.6205736e+00
   2.6500000e+02   4.0216034e+02   4.6481796e+01   4.0373609e+02   1.5757432e+00
   2.6600000e+02   4.0371084e+02   4.6547190e+01   4.0527097e+02   1.5601368e+00
   2.6700000e+02   4.0532759e+02   4.8506473e+01   4.0692272e+02   1.5951283e+00
   2.6800000e+02   4.0687951e+02   4.6615039e+01   4.0844793e+02   1.5684223e+00
   2.6900000e+02   4.0843995e+02   4.6849454e+01   4.1000345e+02   1.5634929e+00
   2.7000000e+02   4.1004068e+02   4.8084150e+01   4.1162718e+02   1.5865015e+00
   2.7100000e+02   4.1162733e+02   4.7826467e+01   4.1321393e+02   1.5865975e+00
   2.7200000e+02   4.1320757e+02   4.7417457e+01   4.1479023e+02   1.5826659e+00
   2.7300000e+02   4.1468531e+02   4.4376198e+01   4.1620313e+02   1.5178210e+00
   2.7400000e+02   4.1624521e+02   4.6871112e+01   4.1778903e+02   1.5438236e+00
   2.7500000e+02   4.1770162e+02   4.3780483e+01   4.1919143e+02   1.4898038e+00
   2.7600000e+02   4.1930551e+02   4.8119542e+01   4.2086582e+02   1.5603081e+00
   2.7700000e+02   4.2094557e+02   4.9202082e+01   4.2255518e+02   1.6096015e+00
   2.7800000e+02   4.2248361e+02   4.6184455e+01   4.2404898e+02   1.5653727e+00
   2.7900000e+02   4.2400890e+02   4.5851081e+01   4.2554949e+02   1.5405965e+00
   2.8000000e+02   4.2562752e+02   4.8592625e+01   4.2721634e+02   1.5888194e+00
   2.8100000e+02   4.2723187e+02   4.8146788e+01   4.2883029e+02   1.5984197e+00
   2.8200000e+02   4.2868860e+02   4.3792444e+01   4.3019944e+02   1.5108474e+00
   2.8300000e+02   4.3032474e+02   4.9112901e+01   4.3191303e+02   1.5882859e+00
   2.8400000e+02   4.3184384e+02   4.5730624e+01   4.3338937e+02   1.5455256e+00
   2.8500000e+02   4.3341609e+02   4.7191230e+01   4.3497814e+02   1.5620446e+00
   2.8600000e+02   4.3495944e+02   4.6303225e+01   4.3650993e+02   1.5504885e+00
   2.8700000e+02   4.3665877e+02   5.1115917e+01   4.3830124e+02   1.6424746e+00
   2.8800000e+02   4.3822013e+02   4.7020337e+01   4.3981248e+02   1.5923467e+00
   2.8900000e+02   4.3968898e+02   4.4068157e+01   4.4120501e+02   1.5160238e+00
   2.9000000e+02   4.4121589e+02   4.6015230e+01   4.4273864e+02   1.5227507e+00
   2.9100000e+02   4.4288778e+02   5.0162545e+01   4.4450270e+02   1.6149222e+00
   2.9200000e+02   4.4444267e+02   4.6648902e+01   4.4602049e+02   1.5778199e+00
   2.9300000e+02   4.4597956e+02   4.6107120e+01   4.4753209e+02   1.5525258e+00
   2.9400000e+02   4.4759783e+02   4.8660450e+01   4.4919099e+02   1.5931572e+00
   2.9500000e+02   4.4894753e+02   4.0502407e+01   4.5039023e+02   1.4426944e+00
   2.9600000e+02   4.5071465e+02   5.3016057e+01   4.5235785e+02   1.6431976e+00
   2.9700000e+02   4.5237846e+02   4.9917568e+01   4.5403439e+02   1.6559332e+00
   2.9800000e+02   4.5378136e+02   4.2215736e+01   4.5528091e+02   1.4995522e+00
   2.9900000e+02   4.5544018e+02   5.0295601e+01   4.5703817e+02   1.5979869e+00
   3.0000000e+02   4.5697548e+02   4.6059124e+01   4.5853473e+02   1.5592466e+00
   3.0100000e+02   4.5859337e+02   4.8690768e+01   4.6018886e+02   1.5954865e+00
   3.0200000e+02   4.6022137e+02   4.8840573e+01   4.6183695e+02   1.6155799e+00
   3.0300000e+02   4.6176967e+02   4.6762130e+01   4.6334367e+02   1.5740001e+00
   3.0400000e+02   4.6329697e+02   4.6241212e+01   4.6484211e+02   1.5451371e+00
   3.0500000e+02   4.6483357e+02   4.6598954e+01   4.6637343e+02   1.5398623e+00
   3.0600000e+02   4.6650708e+02   5.0207301e+01   4.6812954e+02   1.6224591e+00
   3.0700000e+02   4.6805762e+02   4.6646998e+01   4.6963563e+02   1.5780133e+00
   3.0800000e+02   4.6948808e+02   4.2966592e+01   4.7097490e+02   1.4868211e+00
   3.0900000e+02   4.7099040e+02   4.5081611e+01   4.7248680e+02   1.4963973e+00
   3.1000000e+02   4.7263071e+02   4.9217668e+01   4.7421605e+02   1.5853423e+00
   3.1100000e+02   4.7429642e+02   4.9981240e+01   4.7593143e+02   1.6350123e+00
   3.1200000e+02   4.7576058e+02   4.3996587e+01   4.7729000e+02   1.5294188e+00
   3.1300000e+02   4.7737702e+02   4.8612282e+01   4.7896021e+02   1.5831984e+00
   3.1400000e+02   4.7887931e+02   4.5068942e+01   4.8041251e+02   1.5331971e+00
   3.1500000e+02   4.8038277e+02   4.5147296e+01   4.8189759e+02   1.5148173e+00
   3.1600000e+02   4.8183436e+02   4.3618098e+01   4.8331010e+02   1.4757414e+00
   3.1700000e+02   4.8353979e+02   5.1164221e+01   4.8515748e+02   1.6176933e+00
   3.1800000e+02   4.8499353e+02   4.3652964e+01   4.8650990e+02   1.5163676e+00
   3.1900000e+02   4.8650937e+02   4.5482686e+01   4.8802541e+02   1.5160425e+00
   3.2000000e+02   4.8815684e+02   4.9450396e+01   4.8975411e+02   1.5972686e+00
   3.2100000e+02   4.8975148e+02   4.7942499e+01   4.9134712e+02   1.5956425e+00
   3.2200000e+02   4.9123521e+02   4.4766070e+01   4.9276169e+02   1.5264795e+00
   3.2300000e+02   4.9291375e+02   5.0359285e+01   4.9453421e+02   1.6204589e+00
   3.2400000e+02   4.9450802e+02   4.7896399e+01   4.9611229e+02   1.6042720e+00
   3.2500000e+02   4.9599325e+02   4.4753949e+01   4.9752396e+02   1.5307025e+00
   3.2600000e+02   4.9757215e+02   4.7429789e+01   4.9913264e+02   1.5604862e+00
   3.2700000e+02   4.9910053e+02   4.5902672e+01   5.0064118e+02   1.5406456e+00
   3.2800000e+02   5.0076622e+02   5.0001508e+01   5.0238414e+02   1.6179249e+00
   3.2900000e+02   5.0230073e+02   4.6035524e+01   5.0386710e+02   1.5663720e+00
   3.3000000e+02   5.0388179e+02   4.7480275e+01   5.0545724e+02   1.5754519e+00
   3.3100000e+02   5.0536374e+02   4.4461159e+01   5.0688140e+02   1.5176622e+00
   3.3200000e+02   5.0699805e+02   4.9030746e+01   5.0858780e+02   1.5897526e+00
   3.3300000e+02   5.0865077e+02   4.9613732e+01   5.1027944e+02   1.6286717e+00
   3.3400000e+02   5.1016597e+02   4.5681363e+01   5.1172451e+02   1.5585410e+00
   3.3500000e+02   5.1171932e+02   4.6937727e+01   5.1327465e+02   1.5553324e+00
   3.3600000e+02   5.1327603e+02   4.6726673e+01   5.1483221e+02   1.5561824e+00
   3.3700000e+02   5.1493984e+02   4.9930774e+01   5.1656255e+02   1.6227042e+00
   3.3800000e+02   5.1646818e+02   4.6528024e+01   5.1803256e+02   1.5643829e+00
   3.3900000e+02   5.1800699e+02   4.6802793e+01   5.1955558e+02   1.5485806e+00
   3.4000000e+02   5.1963209e+02   4.8785999e+01   5.2122796e+02   1.5958711e+00
   3.4100000e+02   5.2108075e+02   4.3518053e+01   5.2258564e+02   1.5048873e+00
   3.4200000e+02   5.2274310e+02   4.9895820e+01   5.2434530e+02   1.6022020e+00
   3.4300000e+02   5.2433043e+02   4.7639095e+01   5.2592345e+02   1.5930148e+00
   3.4400000e+02   5.2590050e+02   4.7122872e+01   5.2747934e+02   1.5788338e+00
   3.4500000e+02   5.2744283e+02   4.6500828e+01   5.2899910e+02   1.5562718e+00
   3.4600000e+02   5.2898544e+02   4.6308819e+01   5.3053327e+02   1.5478277e+00
   3.4700000e+02   5.3063573e+02   4.9533317e+01   5.3224688e+02   1.6111536e+00
   3.4800000e+02   5.3220669e+02   4.7129305e+01   5.3379300e+02   1.5863099e+00
   3.4900000e+02   5.3371042e+02   4.5172299e+01   5.3524570e+02   1.5352782e+00
   3.5000000e+02   5.3523513e+02   4.5741215e+01   5.3676388e+02   1.5287447e+00
   3.5100000e+02   5.3686594e+02   4.8944513e+01   5.3845776e+02   1.5918230e+00
   3.5200000e+02   5.3846471e+02   4.7963479e+01   5.4006083e+02   1.5961199e+00
   3.5300000e+02   5.4001869e+02   4.6622566e+01   5.4158877e+02   1.5700763e+00
   3.5400000e+02   5.4172517e+02   5.1283793e+01   5.4337954e+02   1.6543735e+00
   3.5500000e+02   5.4325712e+02   4.6425938e+01   5.4483583e+02   1.5787134e+00
   3.5600000e+02   5.4483403e+02   4.7365396e+01   5.4641163e+02   1.5775982e+00
   3.5700000e+02   5.4644926e+02   4.8458842e+01   5.4805012e+02   1.6008588e+00
   3.5800000e+02   5.4791028e+02   4.3931790e+01   5.4942472e+02   1.5144332e+00
   3.5900000e+02   5.4956262e+02   4.9659806e+01   5.5116229e+02   1.5996637e+00
   3.6000000e+02   5.5114039e+02   4.7337036e+01   5.5272652e+02   1.5861318e+00
   3.6100000e+02   5.5264703e+02   4.5202683e+01   5.5418403e+02   1.5370010e+00
   3.6200000e+02   5.5422856e+02   4.7458711e+01   5.5579309e+02   1.5645257e+00
   3.6300000e+02   5.5579525e+02   4.7016669e+01   5.5736111e+02   1.5658621e+00
   3.6400000e+02   5.5737991e+02   4.7539619e+01   5.5895738e+02   1.5774760e+00
   3.6500000e+02   5.5897821e+02   4.7971975e+01   5.6056855e+02   1.5903464e+00
   3.6600000e+02   5.6058778e+02   4.8366645e+01   5.6219000e+02   1.6022268e+00
   3.6700000e+02   5.6209152e+02   4.5120964e+01   5.6363288e+02   1.5413594e+00
   3.6800000e+02   5.6378004e+02   5.1439256e+01   5.6541235e+02   1.6323106e+00
   3.6900000e+02   5.6526266e+02   4.5159022e+01   5.6680246e+02   1.5397983e+00
   3.7000000e+02   5.6682522e+02   4.6922371e+01   5.6837908e+02   1.5538627e+00
   3.7100000e+02   5.6845302e+02   4.8834283e+01   5.7005258e+02   1.5995609e+00
   3.7200000e+02   5.6995518e+02   4.5070531e+01   5.7149454e+02   1.5393632e+00
   3.7300000e+02   5.7151974e+02   4.7027292e+01   5.7307468e+02   1.5549379e+00
   3.7400000e+02   5.7290074e+02   4.2176295e+01   5.7434817e+02   1.4474348e+00
   3.7500000e+02   5.7428327e+02   4.1667447e+01   5.7569060e+02   1.4073252e+00
   3.7600000e+02   5.7548663e+02   3.7063108e+01   5.7676789e+02   1.2812653e+00
   3.7700000e+02   5.7662405e+02   3.7072839e+01   5.7781641e+02   1.1923645e+00
   3.7800000e+02   5.7774739e+02   3.3856639e+01   5.7889710e+02   1.1497071e+00
   3.7900000e+02   5.7889866e+02   3.7346376e+01   5.8004933e+02   1.1506707e+00
   3.8000000e+02   5.7986010e+02   2.9230901e+01   5.8089382e+02   1.0337227e+00
   3.8100000e+02   5.8084364e+02   3.0246773e+01   5.8184635e+02   1.0027068e+00
   3.8200000e+02   5.8174096e+02   2.8686999e+01   5.8267854e+02   9.3757772e-01
   3.8300000e+02   5.8261160e+02   2.6911609e+01   5.8350780e+02   8.9620327e-01
   3.8400000e+02   5.8346503e+02   2.5793813e+01   5.8433480e+02   8.6977099e-01
   3.8500000e+02   5.8411375e+02   1.9835153e+01   5.8484690e+02   7.3315386e-01
   3.8600000e+02   5.8492205e+02   2.4426198e+01   5.8570165e+02   7.7959722e-01
   3.8700000e+02   5.8561745e+02   2.1054183e+01   5.8634501e+02   7.2755801e-01
   3.8800000e+02   5.8633813e+02   2.1646503e+01   5.8706144e+02   7.2330866e-01
   3.8900000e+02   5.8716921e+02   2.5015950e+01   5.8795912e+02   7.8991406e-01
   3.9000000e+02   5.8790360e+02   2.2542555e+01   5.8865920e+02   7.5560095e-01
   3.9100000e+02   5.8858360e+02   2.2719496e+01   5.8929248e+02   7.0887877e-01
   3.9200000e+02   5.8930344e+02   2.1658632e+01   5.9001908e+02   7.1564767e-01
   3.9300000e+02   5.9006131e+02   2.4008085e+01   5.9080306e+02   7.4174764e-01
   3.9400000e+02   5.9076091e+02   2.6670652e+01   5.9147661e+02   7.1569923e-01
   3.9500000e+02   5.9138200e+02   2.4035929e+01   5.9203922e+02   6.5722302e-01
   3.9600000e+02   5.9202519e+02   3.5165819e+01   5.9267374e+02   6.4855118e-01
   3.9700000e+02   5.9270433e+02   3.0026731e+01   5.9337179e+02   6.6745751e-01
